,Match_ID,9_or_under,10_to_12,13_or_more,Under_13.5,Over_13.5, Under_8.5,Over_8.5,Under_10.5,Over_10.5,Under_5.5,Over_5.5
0,0.0,2.4722864080733937,3.1131162434664157,4.632475259935327,1.2243528312812162,6.934876212682651,3.448706438216937,1.519258072946453,1.910775083810122,2.3986944711038642,17.410522562378866,1.0809855499936032
1,1.0,2.160241801918918,3.1131162434664157,4.632475259935327,1.168495510970057,6.934876212682651,2.9258246565636385,1.519258072946453,1.7149524221760808,2.3986944711038642,13.347881814459326,1.0809855499936032
2,2.0,2.4722864080733937,3.1131162434664157,4.632475259935327,1.2243528312812162,6.934876212682651,3.448706438216937,1.519258072946453,1.910775083810122,2.3986944711038642,17.410522562378866,1.0809855499936032
3,3.0,2.4722864080733937,3.1131162434664157,4.632475259935327,1.2243528312812162,6.934876212682651,3.448706438216937,1.519258072946453,1.910775083810122,2.3986944711038642,17.410522562378866,1.0809855499936032
4,4.0,2.4722864080733937,3.1131162434664157,4.632475259935327,1.2243528312812162,6.934876212682651,3.448706438216937,1.519258072946453,1.910775083810122,2.3986944711038642,17.410522562378866,1.0809855499936032
5,5.0,2.4722864080733937,3.1131162434664157,4.632475259935327,1.2243528312812162,6.934876212682651,3.448706438216937,1.519258072946453,1.910775083810122,2.3986944711038642,17.410522562378866,1.0809855499936032
6,6.0,2.4722864080733937,3.1131162434664157,4.632475259935327,1.2243528312812162,6.934876212682651,3.448706438216937,1.519258072946453,1.910775083810122,2.3986944711038642,17.410522562378866,1.0809855499936032
7,7.0,2.4722864080733937,3.1131162434664157,4.632475259935327,1.2243528312812162,6.934876212682651,3.448706438216937,1.519258072946453,1.910775083810122,2.3986944711038642,17.410522562378866,1.0809855499936032
8,8.0,2.4722864080733937,3.1131162434664157,4.632475259935327,1.2243528312812162,6.934876212682651,3.448706438216937,1.519258072946453,1.910775083810122,2.3986944711038642,17.410522562378866,1.0809855499936032
9,9.0,2.160241801918918,3.1131162434664157,4.632475259935327,1.168495510970057,6.934876212682651,2.9258246565636385,1.519258072946453,1.7149524221760808,2.3986944711038642,13.347881814459326,1.0809855499936032
